181.434 48.2125 8.90189 31.5529
182.347 276.291 4.97362 294.737
183.371 217.65 8.9794 220.569
183.801 237.097 3.19444 250.629
184.85 212.914 15.6162 215.088
186.255 242.788 3.19444 250.629
187.064 60.0446 11.6412 43.7481
187.064 60.0446 11.6412 43.7481
187.134 71.5121 12.458 56.6325
188.582 108.572 17.1794 94.3407
188.862 212.783 15.6162 215.088
189.112 264.042 10.0341 281.398
189.55 102.276 17.4234 88.8224
190.68 51.098 22.2437 34.6359
190.759 44.27 14.4382 26.8485
190.759 44.27 23.0581 13.9635
190.898 53.3613 22.2437 34.6359
191.174 241.591 11.368 255.014
192.413 32.8289 15.5328 14.7745
193.159 212.866 15.6162 215.088
196.176 216.202 25.1296 217.883
196.176 216.202 25.1296 217.883
196.214 267.915 16.9322 280.872
196.58 60.1143 22.3288 43.8367
196.939 60.4277 22.3288 43.8367
196.939 60.4277 23.0581 13.9635
197.842 212.829 26.2373 214.362
197.842 212.829 26.2373 214.362
198.052 44.7976 15.5328 14.7745
198.161 22.9342 20.4971 6.04073
198.944 259.957 21.9449 277.434
201.574 259.606 24.5051 276.303
202.4 274.193 26.7613 291.201
204.371 267.844 26.586 284.345
204.413 257.702 27.5596 273.455
204.75 257.751 27.5596 273.455
205.093 26.5871 29.4524 8.85843
205.294 252.846 27.7964 268.851
205.717 346.076 36.656 370.689
207.065 147.974 38.9829 136.761
207.07 215.985 35.4221 217.597
207.1 163.858 40.8977 155.283
207.754 164.827 40.8977 155.283
208.64 85.6623 35.0108 71.4414
209.013 276.633 34.8456 294.796
209.928 294.869 39.2105 315.9
210.223 220.908 17.6832 219.22
210.304 95.8359 37.8099 81.304
211.064 29.8087 32.9494 11.8006
211.105 199.837 37.9172 198.068
211.382 265.786 36.0871 279.659
211.567 88.0894 38.2823 72.787
211.7 150.525 43.452 139.453
211.7 150.525 43.452 139.453
212.159 82.4625 38.5895 67.7327
213.279 338.128 44.8616 360.128
213.348 84.5676 40.4197 69.4154
214.549 89.0413 41.6772 74.1955
215.423 163.682 48.2144 152.941
215.628 134.662 46.3721 101.159
215.653 95.5554 43.5082 81.4977
216.618 78.6741 42.948 63.8375
216.673 151.422 48.0698 139.129
216.693 208.342 44.9332 209.62
216.878 84.9217 44.1051 69.3883
217.045 223.511 30 220.628
217.615 199.376 45.3683 198.589
217.662 192.934 69.7251 192.809
218.279 211.914 66.16 205.052
218.279 211.914 47.0043 213.07
218.525 189.818 45.4597 189.075
218.627 216.692 59.8266 216.448
218.943 318.829 39.2105 315.9
218.986 269.209 41.8631 279.654
219.204 311.298 53.4799 337.242
219.367 284.671 46.9421 298.627
219.492 88.0521 46.8105 71.7185
220.146 230.745 50.5622 233.641
220.212 258.872 45.1755 269.852
220.966 195.057 48.3832 194.854
221.129 332.656 54.0253 352.987
221.809 327.21 54.4688 346.669
222.771 203 51.1806 203.323
222.784 215.478 52.4715 216.852
222.784 215.478 52.4715 216.852
222.85 198.093 50.7628 197.827
222.85 198.093 50.7628 197.827
223.338 219.351 53.6056 220.435
223.451 212.129 51.0204 213.162
224.798 256.343 48.7954 266.245
225.159 207.341 50.7628 197.827
225.159 207.341 54.6224 207.612
225.471 27.9696 53.7697 8.38458
225.947 183.12 52.8792 181.372
225.947 183.12 52.8792 181.372
226.318 177.918 53.0468 175.852
226.451 182.798 52.8792 181.372
226.507 276.526 54.8288 293.471
226.634 227.594 55.4714 229.579
227.114 191.168 55.0243 189.971
227.114 191.168 55.0243 189.971
227.574 210.203 45.888 232.83
228.894 233.035 60.661 235.835
229.021 200.806 58.1961 200.569
229.868 170.944 57.9277 168.511
230.064 174.823 57.1396 172.274
230.612 208.192 60.9814 209.12
230.702 257.488 65.7699 263.122
230.708 182.482 58.2715 180.403
230.777 30.8482 59.5202 11.1296
233.366 253.513 61.9394 260.488
233.366 253.513 66.9523 258.813
234.089 27.5812 62.4865 7.42696
234.347 232.412 67.5714 226.85
234.73 191.693 63.7569 190.326
234.828 225.663 67.5714 226.85
237.42 194.869 66.9428 193.484
238.045 233.141 70.9418 234.667
239.76 255.288 73.6243 261.032
239.921 321.979 75.0817 339.217
241.731 247.96 74.7608 252.083
242.501 243.796 76.6246 247.161
242.681 199.391 74.1584 196.523
243.243 209.858 74.7943 208.561
243.591 222.298 76.3436 221.686
243.72 48.2552 74.3999 29.3048
245.627 240.925 78.9085 243.883
246.046 34.1902 75.7751 14.0376
246.272 261.443 81.5296 266.616
246.329 95.0216 49.0441 81.4272
246.329 95.0216 49.0441 81.4272
246.701 207.962 78.9813 206.563
246.771 45.9699 77.401 26.9249
247.598 237.862 81.2599 240.278
249.158 40.9174 78.9826 21.5827
249.586 34.0136 80.1059 14.218
250.714 246.082 85.963 249.323
250.714 246.082 85.963 249.323
250.714 246.082 85.963 249.323
251.952 215.423 86.0324 213.749
253.787 58.4544 85.4681 39.0835
253.914 362.974 91.8445 386.869
254.265 327.397 93.8121 342.143
255.582 355.93 93.5082 378.601
255.615 220.022 89.8721 218.121
255.921 230.973 90.3219 230.733
255.931 227.663 89.171 227.514
256.063 26.8763 86.1788 6.31493
256.097 223.688 90.1844 223.616
256.223 45.41 87.0072 25.3234
256.41 26.8317 86.1788 6.31493
256.632 326.032 93.8121 342.143
257.64 344.758 93.6521 372.202
259.93 335.126 97.9626 353.894
260.002 331.474 97.7049 349.497
260.673 29.7241 90.5923 8.88011
260.673 29.7241 90.5923 8.88011
262.057 322.468 101.576 343.977
262.057 322.468 99.63 338.012
264.353 244.425 95.9761 247.099
265.091 186.877 96.4022 181.665
266.236 331.601 104.962 349.052
268.985 27.6713 99.2023 6.61046
269.273 228.787 100.983 228.094
271.518 334.38 111.203 352.466
271.957 45.6795 103.446 25.5238
272.018 337.906 119.046 357.039
272.018 337.906 111.144 357.081
272.836 282.455 109.007 292.973
272.97 331.252 111.824 348.457
273.723 237.197 106.46 238.306
274.838 325.895 114.13 341.75
275.925 133.061 107.892 123.777
276.17 46.7049 106.467 19.7
277.366 153.761 108.753 143.581
277.372 169.242 105.66 168.883
278.499 364.57 140.523 386.568
279.307 160.223 109.201 155.82
279.599 273.458 116.309 281.944
279.599 42.6548 112.668 29.1892
279.599 42.6548 112.184 21.5698
279.713 54.6566 112.485 34.5862
280.06 273.059 116.309 281.944
280.105 33.338 111.171 11.8055
280.402 49.9125 112.668 29.1892
281.059 332.548 120.55 348.887
281.691 172.487 111.136 171.225
281.868 348.426 135.463 361.702
281.868 348.426 143.491 361.813
283.777 356.905 114.31 378.044
284.544 145.189 118.437 132.73
285.403 339.051 119.046 357.039
285.403 339.051 111.144 357.081
285.737 300.084 124.481 312.421
286.788 42.922 117.589 21.7223
286.788 42.922 117.589 21.7223
286.904 336.116 135.404 352.401
288.352 266.864 124.504 275.014
288.822 39.031 118.076 17.6391
289.004 326.007 129.483 340.528
290.644 33.8098 118.914 11.2905
290.993 26.796 120.356 7.79202
291.535 143.684 125.492 132.83
291.736 46.5499 121.423 25.2121
292.338 339.408 119.046 357.039
292.338 339.408 126.602 356.849
293.179 335.95 135.404 352.401
293.675 42.6121 123.019 20.8758
293.821 26.9858 123.066 7.62717
294.183 148.484 128.425 138.407
294.47 36.399 122.388 12.1038
294.944 52.943 124.945 31.7972
295.821 49.1996 126.006 28.0214
295.884 349.418 143.491 361.813
295.884 349.418 143.491 361.813
297.575 157.069 129.49 150.852
297.734 143.517 129.49 150.852
298.338 117.216 130.953 103.113
299.531 47.2034 129.668 25.7227
299.893 59.4248 131.963 40.8614
300.647 53.771 131.612 33.8296
300.668 344.356 143.491 361.813
300.708 43.2074 130.265 21.5752
301.69 63.7155 133.878 45.0513
301.947 73.7413 134.828 55.8842
302.1 154.073 134.228 147.015
302.32 66.0858 133.878 45.0513
302.736 50.7023 132.982 28.8926
303.663 350.169 162.477 367.688
303.691 161.806 129.606 159.217
304.9 72.0725 137.055 51.7784
305.127 328.199 148.295 341.893
306.608 78.87 139.736 59.1251
306.608 78.87 147.894 78.086
307.08 331.078 149.831 345.43
307.974 345.071 151.168 361.648
308.161 74.5349 140.923 55.4718
308.221 330.633 149.831 345.43
308.377 164.185 141.861 158.604
309.702 79.6063 142.808 60.1344
309.875 135.641 144.474 122.995
310.023 309.494 156.26 321.031
310.692 350.406 162.477 367.688
310.703 73.8968 144.083 54.1656
312.504 147.427 148.481 132.664
312.745 157.198 146.416 149.986
314.195 163.599 148.639 156.307
314.484 305.847 156.949 313.341
315.13 334.701 158.759 348.645
316.022 120.094 156.92 107.718
316.679 307.952 163.649 319.039
317.465 314.261 159.503 322.9
317.465 314.261 159.503 322.9
317.641 350.625 162.477 367.688
318.929 317.845 178.991 329.752
319.377 153.727 153.571 134.838
319.89 371.587 149.893 390.672
320.939 119.065 160.514 108.043
321.359 346.245 143.491 361.813
321.912 335.177 158.759 348.645
321.912 335.177 159.503 322.9
322.144 168.285 160.052 164.266
322.453 157.438 158.094 148.319
323.017 318.984 178.991 329.752
324.148 312.274 163.649 319.039
325.156 359.936 171.393 378.023
327.798 341.892 173.479 356.049
328.289 320.327 178.991 329.752
329.162 338.47 173.645 351.755
329.324 331.206 175.247 344.144
329.379 335.623 174.252 348.539
330.016 128.451 166.008 113.772
334.434 341.804 157.553 356.335
334.845 140.425 171.814 126.436
335.987 339.133 182.602 351.895
336.863 131.019 173.212 116.306
339.401 332.757 161.104 344.332
341.078 331.539 173.645 351.755
342.115 231.905 182.678 232.03
342.115 231.905 182.678 232.03
343.61 102.281 180.387 81.1509
344.139 329.351 191.407 340.175
344.173 302.014 191.688 308.822
344.329 350.882 188.337 365.298
344.969 164.561 194.496 160.167
346.348 340.686 193.072 352.953
346.367 139.099 185.774 122.139
346.457 120.549 158.676 103.65
346.8 79.0044 183.338 57.9566
346.8 79.0044 183.338 57.9566
347.187 71.3717 183.338 57.9566
347.704 57.6266 182.701 34.8709
348.878 100.971 186.506 80.9156
350.327 337.033 197.319 348.629
350.436 340.324 197.782 352.063
350.984 330.032 197.955 340.378
351.269 320.818 193.316 329.298
351.742 327.43 207.499 320.469
355.181 321.863 200.544 330.885
356.252 359.098 205.88 374.122
356.252 359.098 205.88 374.122
357.304 344.278 205.301 356.957
357.304 344.278 205.88 374.122
357.488 295.224 204.185 299.376
357.618 165.082 224.917 159.543
358.673 109.677 197.123 88.718
358.673 109.677 197.123 88.718
360.11 316.633 208.984 322.582
361.149 333.787 209.8 344.345
363.092 359.059 212.62 372.443
363.817 314.817 208.984 322.582
364.476 311.883 211.443 318.146
366.552 358.322 216.057 373.036
366.609 331.892 214.992 341.033
366.609 331.892 214.992 341.033
366.883 321.982 215.392 328.262
367.482 54.9541 203.714 31.2368
368.974 342.171 218.615 353.251
369.259 354.41 219.332 367.351
369.259 354.41 219.332 367.351
369.625 335.465 218.488 345.424
369.625 335.465 218.488 345.424
370.348 362.823 221.481 377.15
371.488 304.313 211.443 318.146
372.541 291.435 222.079 295.589
373.684 325.842 220.32 334.331
373.791 54.0086 208.814 30.0615
373.808 345.746 232.43 353.22
374.023 316.897 222.618 322.896
374.826 309.19 207.499 320.469
374.973 45.396 209.31 21.1944
374.973 45.396 209.31 21.1944
375.319 348.104 225.403 359.661
375.992 59.1113 210.633 35.0495
377.169 49.3571 211.978 25.2103
378.905 156.112 220.421 136.743
379.756 357.177 229.889 370.085
380.148 44.3691 214.447 19.7974
381.611 324.581 230.244 332.163
381.669 45.4001 215.704 21.1508
381.669 45.4001 215.704 21.1508
382.533 342.897 232.43 353.22
382.533 342.897 232.43 353.22
382.893 335.759 231.586 344.855
383.365 309.735 231.962 313.552
384.947 340.159 234.914 349.188
385.092 306.513 233.628 309.656
385.387 346.045 236.284 356.806
386.521 364.066 237.996 377.302
387.175 355.299 238.657 367.172
387.175 355.299 238.657 367.172
387.566 348.953 238.883 359.872
387.783 343.304 238.477 352.615
391.071 340.546 241.856 349.48
391.358 346.896 264.067 362.436
391.415 361.314 243.807 373.644
391.489 330.797 242.178 337.911
393.717 373.181 242.769 386.652
393.951 344.117 245.063 352.965
393.951 344.117 245.063 352.965
394.099 354.474 246.5 365.855
394.298 358.818 246.848 371.537
394.571 269.133 242.334 270.679
395.723 365.784 248.075 378.463
396.415 357.093 249.306 368.953
397.055 331.109 247.567 337.725
397.558 289.41 236.128 291.388
400.058 344.191 252.346 353.1
400.16 350.051 231.586 344.855
400.16 350.051 269.552 366.501
402.12 339.136 254.247 347.134
403.105 347.649 264.395 357.362
403.182 279.652 251.732 280.798
403.182 279.652 251.732 280.798
403.482 279.894 251.732 280.798
403.482 279.894 252.266 281.308
409.142 356.548 262.143 367.044
411.012 178.295 253.88 170.802
412.075 358.616 255.913 362.284
412.104 364.064 266.135 375.589
413.578 275.49 262.387 270.979
415.663 356.799 269.552 366.501
415.741 248.382 262.387 270.979
416.326 167.319 259.685 159.32
417.17 174.459 259.679 166.335
417.17 174.459 259.679 166.335
419.686 361.188 273.947 371.749
421.506 186.903 254.322 170.328
421.64 366.957 275.747 377.584
421.64 366.957 275.747 377.584
422.026 223.541 268.056 212.812
422.026 223.541 268.056 212.812
422.558 190.217 266.478 177.603
422.916 375.479 277.669 387.003
423.063 201.331 267.876 189.335
423.646 212.957 269.041 202.775
424.262 196.853 268.847 184.942
426.296 187.941 271.537 175.293
426.973 200.867 271.969 188.845
427.823 191.734 272.464 179.741
427.953 204.384 272.845 192.394
428.025 214.522 273.311 202.019
428.194 209.972 273.311 202.019
429.189 196.527 273.68 184.017
431.55 200.57 276.51 187.712
431.55 200.57 276.51 187.712
432.69 194.158 277.286 181.349
433.957 245.348 281.423 236.884
434.467 388.635 291.395 401.885
434.467 388.635 291.395 401.885
434.734 202.506 279.394 189.061
435.18 393.139 292.472 407.861
436.704 211.839 282.483 198.504
436.704 211.839 282.483 198.504
438.343 414.073 297.757 433.387
441.566 383.786 298.668 396.171
443.717 373.082 301.156 378.62
443.857 387.094 301.165 400.291
446.882 302.148 299.063 299.581
448.741 335.089 304.16 342.64
449.126 408.369 308.145 424.342
449.126 408.369 308.145 424.342
449.852 298.529 299.063 299.581
450.067 221.104 303.097 222.314
451.501 308.776 313.029 293.252
451.528 304.674 304.467 302.481
453.76 315.729 306.654 314.177
454.071 296.79 305.304 293.406
454.205 231.111 303.097 222.314
454.313 294.854 305.304 293.406
454.861 379.874 313.958 391.058
455.615 289.54 307.871 287.819
455.615 289.54 307.871 287.819
459.614 400.845 318.812 414.909
461.623 411.209 321.381 426.271
465.616 320.333 319.933 321.116
465.919 345.494 321.498 348.484
466.086 305.003 319.491 303.805
467.147 409.894 326.431 421.625
467.212 340.347 322.987 343.401
468.359 331.098 323.427 332.72
469.932 345.167 326.789 349.703
472.389 351.059 328.722 355.728
474.265 346.163 330.538 349.79
474.813 359.217 331.87 364.108
476.573 362.61 333.918 367.223
476.659 368.748 333.322 373.801
477.665 283.099 331.179 277.784
478.466 351.934 334.664 355.54
479.707 286.421 332.722 282.02
480.232 107.359 332.03 81.5304
480.824 349.185 337.618 352.345
483.083 370.312 342.695 376.49
484.647 365.996 342.88 370.897
485.401 373.088 343.851 379.218
485.404 344.685 342.211 347.315
485.404 344.685 342.211 347.315
485.756 320.83 345.999 335.016
488.346 353.521 345.725 355.962
488.447 397.876 349.609 406.757
489.883 336.825 345.999 335.016
491.663 346.497 348.651 348.479
493.338 107.555 332.03 81.5304
498.456 347.656 355.997 349.096
501.012 283.69 354.031 277.958
502.983 287.319 355.771 282.012
505.502 283.807 354.031 277.958
508.411 328.204 364.981 326.718